[app/ui]
version = 7.3.0
modtime = 1564916541.090991000

[app/launcher]
version = 7.3.0
modtime = 1564916541.098196000

[app/package/check_for_updates]
version = 7.3.0
modtime = 1564916541.100477000
